10001100000000010000000000000000
10001100000000100000000000000100
10001100000000110000000000001000
10001100000001000000000000001100
10001100000001010000000000010000
10001100000001100000000000010100
10001100000010100000000000100100
10001100000010110000000000101000
10001100000011000000000000101100
10001100000011010000000000110000
10001100000011100000000000110100
10001100000011110000000000111000
00000000001010101010000000011000
00000000010011001010100000011000
00000000011011101011000000011000
00000010100101011000000000100000
00000010000101101000000000100000
00000000001010111010000000011000
00000000010011011010100000011000
00000000011011111011000000011000
00000010100101011000100000100000
00000010001101101000100000100000
00000000100010101010000000011000
00000000101011001010100000011000
00000000110011101011000000011000
00000010100101011001000000100000
00000010010101101001000000100000
10101100000100000000000000111100
10101100000100010000000001000000
10101100000100100000000001000100